// t_k=20
// h_0=0.02

y1' = y2;
y2' = -1.0 * (y2/(y3+1.0) + (1.0 - 0.25/pow((y3+1.0),2.0))*y1);
y3' = 1.0; // time

y1(0) = 0.671396707;
y2(0) = 0.0955400515;
y3(0) = 0.0;
